4 1.551e-5
36 0.000156352
68 0.000279463
100 0.000450296
132 0.000534777
164 0.000694055
196 0.000825741
228 0.00097948
260 0.001091322
292 0.001256454
324 0.001460258
356 0.001594384
388 0.001720406
420 0.001993096
452 0.002115499
484 0.002322578
516 0.002541827
548 0.002748333
580 0.003016408
612 0.003237121
644 0.003574538
676 0.003691185
708 0.004196705
740 0.003881917
772 0.004436346
804 0.004507582
836 0.004636826
868 0.006305522
900 0.005158761
932 0.005831118
964 0.005948566
996 0.006344701
1028 0.006507492
1060 0.007171475
1092 0.007142017
1124 0.008012126
1156 0.007986972
1188 0.008879001
1220 0.008684924
1252 0.009256528
1284 0.009461989
1316 0.010149024
1348 0.012268742
1380 0.011177785
1412 0.012237381
1444 0.011420535
1476 0.012131807
1508 0.012956009
1540 0.012502902
1572 0.014146377
1604 0.013586315
1636 0.013742147
1668 0.013515728
1700 0.015789398
1732 0.014713981
1764 0.015244772
1796 0.015667129
1828 0.016148004
1860 0.016530203
1892 0.018789544
1924 0.018058439
1956 0.018221795
1988 0.019259843
2020 0.018672888
2052 0.019628316
2084 0.020030578
2116 0.020373182
2148 0.020909528
2180 0.021745261
2212 0.022259849
2244 0.022874653
2276 0.023283145
2308 0.024972117
2340 0.024255084
2372 0.024939828
2404 0.025509842
2436 0.025916585
2468 0.026714103
2500 0.027107836
2532 0.029012606
2564 0.032495609
2596 0.028800455
2628 0.030849592
2660 0.030066324
2692 0.030842004
2724 0.031637713
2756 0.03218526
2788 0.032270629
033258711
2852 0.034709293
2884 0.035027971
2916 0.035417672
2948 0.035675495
2980 0.038139046
3012 0.037732324
3044 0.037805595
3076 0.039182573
3108 0.039778838
3140 0.039947282
3172 0.04253931
3204 0.043350517
3236 0.043069581
3268 0.043950153
3300 0.044851292
3332 0.045114533
3364 0.04762132
3396 0.0466996
3428 0.047315369
3460 0.048166822
3492 0.04914121
3524 0.050724461
3556 0.05070211
3588 0.051852309
3620 0.056195609
3652 0.067665188
3684 0.057592181
3716 0.063924254
3748 0.056401352
3780 0.056564959
3812 0.059744915
3844 0.060879117
3876 0.060871674
3908 0.065746141
3940 0.061501609
3972 0.065545093
4004 0.06336253
4036 0.064949026
4068 0.065888396
4100 0.0674688
4132 0.073018236
4164 0.06986371
4196 0.069314673
4228 0.074488591
4260 0.073457478
4292 0.072289781
4324 0.075240654
4356 0.079316626
4388 0.09429353
4420 0.079654527
4452 0.081963866
4484 0.081023557
4516 0.08515729
4548 0.08704463
4580 0.086428743
4612 0.091793835
4644 0.096965556
4676 0.09042348
4708 0.093746602
4740 0.100970511
4772 0.092623652
4804 0.100398725
4836 0.093875137
4868 0.095407487
4900 0.102218537
4932 0.104163827
4964 0.101790849
4996 0.10235165
5028 0.103269788
5060 0.105427558
5092 0.106849727
5124 0.112328622
5156 0.116149195
5188 0.129706533
5220 0.113377794
5252 0.113399579
5284 0.119250844
5316 0.115587713
5348 0.118059509
5380 0.1215534
5412 0.122467948
5444 0.125371541
5476 0.138305478
5508 0.12769617
5540 0.126371137
5572 0.130337629
5604 0.13172204
5636 0.135118711
5668 0.131348134
5700 0.135427026
5732 0.139167374
5764 0.140325875
5796 0.145870021
5828 0.138761265
5860 0.16419436
5892 0.1468691
5924 0.144330383
5956 0.148571427
5988 0.149159982
6020 0.150675612
6052 0.153771244
6084 0.170928339
6116 0.15605894
6148 0.155309216
6180 0.16024503
6212 0.166566165
6244 0.159885331
6276 0.165142776
6308 0.162924604
6340 0.171891066
6372 0.168118923
6404 0.169494174
6436 0.179225956
6468 0.187248869
6500 0.173767369
6532 0.18338221
6564 0.180274571
6596 0.207400494
6628 0.201232711
6660 0.188667043
6692 0.193351529
6724 0.192420703
6756 0.195016433
6788 0.188907038
6820 0.196460396
6852 0.194753475
6884 0.199533571
6916 0.198159321
6948 0.206748282
6980 0.201555222
7012 0.211717814
7044 0.232388955
7076 0.223507782
7108 0.223270569
7140 0.219672934
7172 0.222307925
7204 0.218048619
7236 0.21712141
7268 0.217251523
7300 0.220046936
7332 0.224631256
7364 0.225540012
7396 0.227888328
7428 0.259072364
7460 0.23326508
7492 0.237202066
7524 0.247297342
7556 0.241265409
7588 0.237565267
7620 0.239376342
7652 0.242069086
7684 0.247260004
7716 0.251603756
7748 0.255215606
7780 0.290922392
7812 0.261975262
7844 0.265130804
7876 0.255484834
7908 0.264865485
7940 0.275919722
7972 0.346245393
8004 0.281624631
8036 0.268350564
8068 0.294073472
8100 0.303185788
8132 0.308125419
8164 0.306463651
8196 0.297241535
8228 0.284658275
8260 0.294056298
8292 0.313518549
8324 0.301925651
8356 0.29450873
8388 0.344042345
8420 0.302135536
8452 0.305962515
8484 0.2989748
8516 0.302783538
8548 0.30276866
8580 0.310409231
8612 0.311654705
8644 0.357387782
8676 0.314199974
8708 0.323762649
8740 0.323236873
8772 0.325056149
8804 0.323452888
8836 0.334367612
8868 0.329518511
8900 0.330847566
8932 0.341300161
8964 0.339375456
8996 0.375737562
9028 0.353681634
9060 0.343110051
9092 0.346192206
9124 0.34850216
9156 0.350118423
9188 0.355753966
9220 0.357221928
9252 0.371525881
9284 0.353381918
9316 0.362580738
9348 0.367739525
9380 0.36880686
9412 0.420011732
9444 0.373941562
9476 0.379668486
9508 0.375421472
9540 0.374934588
9572 0.377833681
9604 0.381333371
9636 0.388498478
9668 0.391453117
9700 0.39465161
9732 0.396508398
9764 0.398447843
9796 0.40484867
9828 0.403525154
9860 0.409951174
9892 0.412457481
9924 0.414973282
9956 0.410578415
9988 0.430110804
