4 7.99e-6
36 5.6971e-5
68 9.952e-5
100 0.000141839
132 0.000171635
164 0.000218621
196 0.000270887
228 0.000323444
260 0.000376156
292 0.000423073
324 0.000474129
356 0.000539231
388 0.000599768
420 0.000665438
452 0.000837653
484 0.00083887
516 0.000931981
548 0.001001298
580 0.001125521
612 0.001234693
644 0.001358027
676 0.001493999
708 0.001628506
740 0.001717435
772 0.001875392
804 0.002025628
836 0.00217678
868 0.002337987
900 0.002460358
932 0.002653341
964 0.002824902
996 0.0029877
1028 0.003219692
1060 0.00331828
1092 0.003468257
1124 0.003635956
1156 0.003904816
1188 0.004061733
1220 0.004288643
1252 0.004491008
1284 0.00466836
1316 0.004887145
1348 0.005078876
1380 0.005347721
1412 0.00550367
1444 0.005727606
1476 0.00597024
1508 0.00616748
1540 0.006423391
1572 0.006726221
1604 0.006936751
1636 0.007465657
1668 0.007403513
1700 0.007810371
1732 0.00799813
1764 0.008404251
1796 0.008584267
1828 0.008849486
1860 0.009115874
1892 0.009798882
1924 0.00987007
1956 0.010030517
1988 0.010474186
2020 0.010634875
2052 0.010814589
2084 0.011179195
2116 0.011579247
2148 0.01195203
2180 0.012237248
2212 0.012512638
2244 0.012857306
2276 0.013149556
2308 0.013482457
2340 0.013864375
2372 0.014314147
2404 0.014653103
2436 0.015098321
2468 0.019287335
2500 0.015773851
2532 0.015961505
2564 0.016455284
2596 0.016868191
2628 0.017253254
2660 0.017665083
2692 0.018240788
2724 0.01858684
2756 0.018823332
2788 0.019165629
2820 0.021500139
2852 0.019984752
2884 0.020388162
2916 0.022243249
2948 0.021415735
2980 0.02188156
3012 0.022257195
3044 0.02343766
3076 0.027885741
3108 0.025131022
3140 0.026408839
3172 0.026156784
3204 0.025141858
3236 0.025867206
3268 0.028370448
3300 0.026479387
3332 0.026748501
3364 0.028305991
3396 0.028058522
3428 0.029009373
3460 0.028994461
3492 0.032015141
3524 0.030943322
3556 0.031440119
3588 0.034396562
3620 0.0318397
3652 0.032431911
3684 0.033832224
3716 0.034804169
3748 0.035226354
3780 0.035675929
3812 0.035771435
3844 0.036854441
3876 0.037902436
3908 0.038188721
3940 0.038400296
3972 0.038714925
4004 0.039617919
4036 0.04053746
4068 0.041489892
4100 0.041382507
4132 0.04217628
4164 0.044124259
4196 0.043265626
4228 0.044016325
4260 0.045309452
4292 0.045082324
4324 0.046462868
4356 0.046927248
4388 0.04895257
4420 0.048295134
4452 0.049734894
4484 0.053882361
4516 0.055719739
4548 0.051448821
4580 0.053035334
4612 0.053470373
4644 0.054004758
4676 0.05688349
4708 0.067367675
4740 0.056419414
4772 0.058534007
4804 0.058002548
4836 0.058900303
4868 0.059176302
4900 0.05908859
4932 0.060609436
4964 0.061990903
4996 0.06229776
5028 0.063016201
5060 0.064290282
5092 0.064126951
5124 0.0667073
5156 0.067049932
5188 0.067775377
5220 0.06970548
5252 0.070255042
5284 0.06939205
5316 0.071228342
5348 0.078620366
5380 0.080781468
5412 0.074782852
5444 0.075617885
5476 0.076382844
5508 0.07763542
5540 0.078889838
5572 0.080544869
5604 0.080482997
5636 0.081603132
5668 0.083238241
5700 0.08324976
5732 0.086377735
5764 0.085552165
5796 0.087070083
5828 0.0976225
5860 0.088556682
5892 0.098434886
5924 0.093282963
5956 0.093503328
5988 0.120632011
6020 0.09791132
6052 0.10163892
6084 0.102520737
6116 0.103769054
6148 0.10675182
6180 0.111647704
6212 0.111550444
6244 0.122179826
6276 0.117886956
6308 0.114705538
6340 0.114080407
6372 0.115489239
6404 0.127189657
6436 0.115206867
6468 0.144185909
6500 0.127607409
6532 0.12642306
6564 0.119173068
6596 0.123169581
6628 0.134809928
6660 0.12197778
6692 0.134425785
6724 0.131994711
6756 0.125351493
6788 0.127062991
6820 0.128259367
6852 0.132846857
6884 0.139317025
6916 0.172524643
6948 0.154997376
6980 0.140043855
7012 0.14683642
7044 0.147951671
7076 0.140994283
7108 0.144663327
7140 0.145281911
7172 0.142953936
7204 0.149145561
7236 0.150565736
7268 0.147336471
7300 0.163865191
7332 0.171656349
7364 0.153450474
7396 0.158909073
7428 0.168252383
7460 0.157487949
7492 0.158427448
7524 0.15935091
7556 0.161589959
7588 0.164293894
7620 0.165085122
7652 0.163160664
7684 0.173954207
7716 0.169509259
7748 0.179850879
7780 0.170003762
7812 0.169797405
7844 0.176832848
7876 0.190227648
7908 0.188950529
7940 0.181623686
7972 0.185127036
8004 0.185715016
8036 0.197348238
8068 0.188739105
8100 0.187150018
8132 0.187167587
8164 0.19344924
8196 0.19743426
8228 0.194693191
8260 0.216539712
8292 0.198176715
8324 0.208808305
8356 0.19865508
8388 0.199290494
8420 0.20343003
8452 0.211902661
8484 0.215624389
8516 0.219296612
8548 0.222359802
8580 0.231319946
8612 0.211828478
8644 0.218962009
8676 0.214881351
8708 0.213868871
8740 0.220912443
8772 0.231833073
8804 0.229403809
8836 0.23010162
8868 0.224288812
8900 0.228543703
8932 0.241070681
8964 0.228233808
8996 0.233361511
9028 0.27483519
9060 0.233127226
9092 0.253048705
9124 0.241298261
9156 0.246795947
9188 0.251024753
9220 0.247377621
9252 0.262550173
9284 0.247984804
9316 0.247683029
9348 0.250434654
9380 0.273228855
9412 0.264588186
9444 0.270565759
9476 0.284720896
9508 0.2621965
9540 0.272361065
9572 0.283187323
9604 0.262753449
9636 0.264881563
9668 0.276170995
9700 0.26954444
9732 0.310321343
9764 0.307118828
9796 0.29828185
9828 0.273903691
9860 0.276547353
9892 0.323143507
9924 0.313575822
9956 0.291238363
9988 0.287824717
