16 8.331e-6
1296 5.7617e-5
4624 9.7338e-5
10000 0.000140793
17424 0.000173165
26896 0.000219956
38416 0.000263792
51984 0.000321543
67600 0.000371052
85264 0.000426155
104976 0.000487298
126736 0.000541076
150544 0.000610665
176400 0.000674729
204304 0.000761633
234256 0.000830601
266256 0.000933927
300304 0.001011784
336400 0.001279059
374544 0.001277812
414736 0.001360425
456976 0.001469806
501264 0.001636221
547600 0.001975852
595984 0.002049455
646416 0.002009516
698896 0.002145468
753424 0.002350297
810000 0.002538228
868624 0.002803728
929296 0.002786561
992016 0.002993296
1056784 0.003124662
1123600 0.003330642
1192464 0.003626992
1263376 0.00364912
1336336 0.003844796
1411344 0.00411966
1488400 0.004252083
1567504 0.004430568
1648656 0.004782074
1731856 0.004899327
1817104 0.005095383
1904400 0.005344243
1993744 0.005504164
2085136 0.005729172
2178576 0.006008149
2274064 0.006190376
2371600 0.006471401
2471184 0.006727212
2572816 0.00702629
2676496 0.007245044
2782224 0.007323905
2890000 0.00761413
2999824 0.008023142
3111696 0.008336746
3225616 0.009771503
3341584 0.008844179
3459600 0.009434956
3579664 0.009580403
3701776 0.009819365
3825936 0.010123587
3952144 0.0105516
4080400 0.01066528
4210704 0.010800767
4343056 0.011118103
4477456 0.011605498
4613904 0.011918651
4752400 0.012181811
4892944 0.012514762
5035536 0.01291373
5180176 0.013365844
5326864 0.013530493
5475600 0.01384217
5626384 0.014275359
5779216 0.015094505
5934096 0.015085622
6091024 0.01529789
6250000 0.015615433
6411024 0.016120008
6574096 0.017553716
6739216 0.017504908
6906384 0.017423467
7075600 0.017643919
7246864 0.018442856
7420176 0.018427736
7595536 0.018849019
7772944 0.019270421
7952400 0.019793389
8133904 0.021350235
8317456 0.020562171
8503056 0.02133337
8690704 0.021331211
8880400 0.022046883
9072144 0.022605225
9265936 0.022704185
9461776 0.023278237
9659664 0.023777661
9859600 0.023903059
10061584 0.026107675
10265616 0.02554122
10471696 0.028658901
10679824 0.032028019
10890000 0.027194382
11102224 0.027323306
11316496 0.027824839
11532816 0.027995382
11751184 0.028761786
11971600 0.030460895
12194064 0.030349513
12418576 0.030074573
12645136 0.031314022
12873744 0.031496284
13104400 0.032830786
13337104 0.032472595
13571856 0.034654576
13808656 0.034436856
14047504 0.03598932
14288400 0.0358813
14531344 0.035836655
14776336 0.036259728
15023376 0.03695814
15272464 0.038069461
15523600 0.038449797
15776784 0.039456121
16032016 0.040060215
16289296 0.040585036
16548624 0.040837377
16810000 0.041661791
17073424 0.041904844
17338896 0.041998015
17606416 0.043408502
17875984 0.046098149
18147600 0.045229028
18421264 0.045718374
18696976 0.046106513
18974736 0.047477387
19254544 0.047975164
19536400 0.048905869
19820304 0.051547727
20106256 0.050209069
20394256 0.055691538
20684304 0.057990721
20976400 0.051984245
21270544 0.052816126
21566736 0.053245972
21864976 0.054305621
22165264 0.055737073
22467600 0.056949983
22771984 0.056722614
23078416 0.058372943
23386896 0.058580957
23697424 0.059766076
24010000 0.060722513
24324624 0.061994745
24641296 0.064022747
24960016 0.064257027
25280784 0.066408119
25603600 0.063232799
25928464 0.065692683
26255376 0.066870374
26584336 0.066597834
26915344 0.069905036
27248400 0.068661879
27583504 0.070050548
27920656 0.078324431
28259856 0.072807084
28601104 0.072777193
28944400 0.08357737
29289744 0.074713119
29637136 0.07766308
29986576 0.077027102
30338064 0.080002882
30691600 0.07832076
31047184 0.07937708
31404816 0.082915091
31764496 0.082457919
32126224 0.082758208
32490000 0.084012212
32855824 0.08488692
33223696 0.085047569
33593616 0.087586654
33965584 0.087664452
34339600 0.092069975
34715664 0.089354326
35093776 0.089819925
35473936 0.092584503
35856144 0.092277925
36240400 0.105286207
36626704 0.094896836
37015056 0.095767743
37405456 0.097004492
37797904 0.097760421
38192400 0.099168101
38588944 0.099591151
38987536 0.103867337
39388176 0.103770642
39790864 0.10381702
40195600 0.104511384
40602384 0.107147656
41011216 0.106338954
41422096 0.108532085
41835024 0.110381877
42250000 0.110970966
42667024 0.111696115
43086096 0.127771129
43507216 0.113881052
43930384 0.115455951
44355600 0.117197777
44782864 0.118611598
45212176 0.119307476
45643536 0.122418573
46076944 0.122132835
46512400 0.131799961
46949904 0.124739328
47389456 0.126168569
47831056 0.12712188
48274704 0.127777712
48720400 0.127812904
49168144 0.129873311
49617936 0.145963315
50069776 0.13250278
50523664 0.134003018
50979600 0.138775761
51437584 0.136612434
51897616 0.137935979
52359696 0.139269647
52823824 0.140191972
53290000 0.142002116
53758224 0.147086718
54228496 0.147221888
54700816 0.144950153
55175184 0.148971801
55651600 0.156306832
56130064 0.148202698
56610576 0.153569384
57093136 0.153107535
57577744 0.158238499
58064400 0.15556674
58553104 0.164658769
59043856 0.164518198
59536656 0.160056177
60031504 0.159579989
60528400 0.164166023
61027344 0.183895137
61528336 0.162931967
62031376 0.169516694
62536464 0.167691157
63043600 0.169560618
63552784 0.170123447
64064016 0.176824894
64577296 0.172754294
65092624 0.174257182
65610000 0.181945519
66129424 0.180544908
66650896 0.180767003
67174416 0.180394474
67699984 0.181473519
68227600 0.184058557
68757264 0.184117588
69288976 0.187018268
69822736 0.187829196
70358544 0.191941229
70896400 0.19039218
71436304 0.195947288
71978256 0.192878431
72522256 0.194062273
73068304 0.196795141
73616400 0.197691716
74166544 0.198817751
74718736 0.204289111
75272976 0.203360751
75829264 0.206524098
76387600 0.213578084
76947984 0.209310659
77510416 0.207508642
78074896 0.223853362
78641424 0.215131292
79210000 0.213118926
79780624 0.218699104
80353296 0.21491842
80928016 0.220024796
81504784 0.24024583
82083600 0.22112355
82664464 0.224819659
83247376 0.22417523
83832336 0.226113535
84419344 0.232422912
85008400 0.229520366
85599504 0.234190296
86192656 0.233907475
86787856 0.238947456
87385104 0.239063549
87984400 0.239264976
88585744 0.247464594
89189136 0.240711712
89794576 0.24260035
90402064 0.251174952
91011600 0.266673415
91623184 0.2492766
92236816 0.248995164
92852496 0.271095431
93470224 0.253726639
94090000 0.254993148
94711824 0.257815912
95335696 0.274700529
95961616 0.263203697
96589584 0.267645982
97219600 0.264438942
97851664 0.264457633
98485776 0.268370179
99121936 0.276475985
99760144 0.272483004
