100 0.000129341
140 0.000183839
180 0.000242688
220 0.000307313
260 0.000369022
300 0.00043547
340 0.00051041
380 0.000580036
420 0.000657596
460 0.000756855
500 0.000852912
540 0.000971942
580 0.001457223
620 0.001293484
660 0.001758978
700 0.001692537
740 0.001728766
780 0.001916651
820 0.002092341
860 0.002282031
900 0.002468455
940 0.003544506
980 0.002903674
1020 0.003726293
1060 0.003454471
1100 0.003490824
1140 0.003750881
1180 0.004602656
1220 0.004247602
1260 0.004452541
1300 0.005913322
1340 0.00518055
1380 0.005307685
1420 0.005533472
1460 0.005899908
1500 0.006106607
1540 0.006528973
1580 0.00682413
1620 0.007051542
1660 0.007369974
1700 0.008397228
1740 0.008148253
1780 0.008407436
1820 0.008726151
1860 0.009226508
1900 0.011091053
1940 0.009904776
1980 0.010263641
2020 0.010785983
2060 0.010950751
2100 0.011368626
2140 0.011730241
2180 0.012224886
2220 0.012675661
2260 0.014381693
2300 0.013571081
2340 0.014010803
2380 0.014485382
2420 0.015362496
2460 0.015308136
2500 0.016182573
2540 0.01668458
2580 0.017114796
2620 0.017776679
2660 0.017758038
2700 0.018124277
2740 0.018633664
2780 0.01921011
2820 0.020259948
2860 0.022728308
2900 0.020760772
2940 0.021630104
2980 0.022187197
3020 0.022411138
3060 0.023000987
3100 0.024943849
3140 0.025786459
3180 0.027344674
3220 0.026970451
3260 0.025915602
3300 0.027083195
3340 0.02682011
3380 0.027808471
3420 0.03035083
3460 0.029685249
3500 0.031061188
3540 0.032716952
3580 0.032103999
3620 0.032260526
3660 0.033201967
3700 0.033576881
3740 0.033942006
3780 0.035097435
3820 0.03601046
3860 0.038029975
3900 0.040515408
3940 0.039440752
3980 0.040965798
4020 0.040005313
4060 0.041655686
4100 0.04216731
4140 0.041961148
4180 0.045914105
4220 0.044748814
4260 0.046280648
4300 0.045696246
4340 0.047180839
4380 0.048412746
4420 0.049603705
4460 0.0486246
4500 0.051070107
4540 0.052539388
4580 0.053339769
4620 0.054986346
4660 0.052930049
4700 0.056973113
4740 0.063623379
4780 0.058164404
4820 0.058891932
4860 0.05978701
4900 0.062224951
4940 0.070950003
4980 0.062364692
5020 0.063451237
5060 0.06453114
5100 0.069381803
5140 0.06836845
5180 0.06815817
5220 0.074789533
5260 0.070782479
5300 0.072661724
5340 0.073304333
5380 0.073250637
5420 0.077256792
5460 0.079416235
5500 0.077633116
5540 0.078265662
5580 0.079950729
5620 0.080747192
5660 0.090704042
5700 0.085979353
5740 0.084730958
5780 0.086974893
5820 0.087808536
5860 0.088132096
5900 0.094437864
5940 0.091007283
5980 0.093991156
6020 0.095057358
6060 0.094609463
6100 0.094468278
6140 0.096641463
6180 0.099876632
6220 0.100814068
6260 0.102887944
6300 0.102798152
6340 0.103661103
6380 0.116611241
6420 0.106627823
6460 0.109912208
6500 0.111435834
6540 0.115180415
6580 0.116544963
6620 0.117316109
6660 0.11832596
6700 0.121377813
6740 0.128901981
6780 0.122872089
6820 0.128238584
6860 0.130534958
6900 0.127522318
6940 0.128517656
6980 0.163824887
7020 0.130715941
7060 0.131926877
7100 0.132875814
7140 0.136233061
7180 0.138279929
7220 0.137779406
7260 0.140250236
7300 0.141682302
7340 0.140230138
7380 0.146681499
7420 0.146799552
7460 0.149929865
7500 0.168549578
7540 0.150772839
7580 0.153409923
7620 0.155684428
7660 0.157639788
7700 0.158848443
7740 0.159745679
7780 0.169063632
7820 0.165516206
7860 0.16860256
7900 0.181882176
7940 0.194666927
7980 0.173242274
8020 0.172234434
8060 0.173353176
8100 0.17657045
8140 0.179826794
8180 0.179739081
8220 0.181089488
8260 0.184309816
8300 0.189542099
8340 0.220444878
8380 0.19106999
8420 0.191463568
8460 0.194062065
8500 0.201529672
8540 0.199065614
8580 0.199132096
8620 0.198709763
8660 0.20358397
8700 0.23275787
8740 0.208769992
8780 0.208153898
8820 0.213583401
8860 0.216840211
8900 0.213956862
8940 0.222756536
8980 0.218398098
9020 0.218985131
9060 0.224337233
9100 0.225032979
9140 0.225629576
9180 0.229137362
9220 0.240865423
9260 0.234421583
9300 0.234421401
9340 0.232070538
9380 0.243057343
9420 0.240640524
9460 0.24410308
9500 0.242978934
9540 0.246496812
9580 0.248870376
9620 0.251643694
9660 0.277622837
9700 0.259301738
9740 0.261402538
9780 0.265779038
9820 0.265696189
9860 0.265229607
9900 0.266412925
9940 0.291965053
9980 0.271819827
10020 0.271473968
10060 0.276332908
10100 0.278985964
10140 0.284410597
10180 0.302276611
10220 0.306284077
10260 0.286950351
10300 0.293497144
10340 0.291704516
10380 0.296183667
10420 0.295822105
10460 0.324504806
10500 0.305247641
10540 0.306201871
10580 0.307260874
10620 0.306067232
10660 0.309298237
10700 0.311091065
10740 0.313763069
10780 0.318983742
10820 0.319892944
10860 0.322265276
10900 0.328306919
10940 0.364875357
10980 0.32818021
11020 0.333806567
11060 0.333072008
11100 0.337562759
11140 0.338714188
11180 0.34181927
11220 0.345016984
11260 0.349165618
11300 0.347982763
11340 0.351108707
11380 0.409830855
11420 0.358388283
11460 0.353574083
11500 0.364776485
11540 0.365781477
11580 0.414354734
11620 0.368691794
11660 0.370496796
11700 0.375685576
11740 0.371486661
11780 0.418649018
11820 0.394114588
11860 0.384238072
11900 0.388298277
11940 0.388902127
11980 0.424498067
12020 0.395375641
12060 0.397998013
12100 0.399738934
12140 0.401962636
12180 0.408938975
12220 0.408347197
12260 0.412248096
12300 0.414645073
12340 0.473251178
12380 0.417718311
12420 0.421823018
12460 0.423412944
12500 0.430179337
12540 0.427242616
12580 0.43287957
12620 0.434862027
12660 0.440426719
12700 0.441018538
12740 0.449110364
12780 0.447105131
12820 0.451334905
12860 0.515764337
12900 0.453833238
12940 0.458730887
12980 0.455274807
13020 0.522405416
13060 0.465736117
13100 0.476233467
